0.85,0.81,0.69,0.13,0.26,0.39,0.84,0.59
0.19,0.45,0.16,0.58,0.59,0.93,0.12,0.45
0.32,0.62,0.68,0.17,0.98,0.31,0.94
0.2,0.21,0.91,0.15,0.68,0.43,0.77,0.96,0.51
0.89,0.42,0.45,0.36,0.28,0.3,0.68
0.77,0.65,0.68,0.54,0.67,0.37,0.99,0.81
0.78,0.72,0.69,0.46,0.16,0.43,0.2,0.67
0.58,0.92,0.62,0.5,0.58,0.14,0.21,0.75,0.9
0.29,0.18,0.12,0.99,0.82,0.92,0.39,0.54
0.3,0.94,0.8,0.29,0.62,0.15,0.64,0.35
0.17,0.48,0.25,0.1,0.17,0.19,0.47,0.31,0.66
0.2,0.63,0.3,0.21,0.25,0.47,0.44
0.74,0.97,0.86,0.79,0.5,0.26,0.69
0.44,0.32,0.46,0.3,0.98,0.53,0.67,0.57,0.24
0.7,0.56,0.19,0.49,0.46,0.3,0.48,0.86,0.52
0.8,0.38,0.13,0.97,0.67,0.88,0.4,0.53,0.26
0.78,0.84,0.41,0.13,0.15,0.34,0.6,0.54
0.23,0.14,0.86,0.71,0.8,0.62,0.11
0.69,0.27,0.32,0.77,0.44,0.79,0.23,0.15,0.19
0.54,0.19,0.52,0.25,0.61,0.98,0.31
0.54,0.69,0.11,0.87,0.68,0.57,0.56
0.7,0.7,0.61,0.96,0.23,1.0,0.56,0.69,0.63
0.74,0.41,0.45,0.69,0.91,0.45,0.7
0.32,0.89,0.98,0.87,0.16,0.14,0.16,0.86,0.85
0.26,0.73,0.5,0.42,0.13,0.81,0.85
0.87,0.76,0.88,0.17,0.86,0.61,0.67,0.91,0.9
0.59,0.2,0.68,0.38,0.33,0.24,0.48
0.41,0.13,0.99,0.5,0.39,0.54,0.58,0.87,0.6
0.57,0.52,0.45,0.43,1.0,0.98,0.31,0.95
0.9,0.97,0.25,0.15,0.44,0.36,0.48,0.19,0.24
0.42,0.79,0.21,0.3,0.64,0.59,0.15
0.47,0.46,0.19,0.96,0.54,0.11,0.38
0.56,0.96,0.57,0.58,0.94,0.55,0.37
0.76,0.43,0.14,0.74,0.28,0.68,0.95,0.13
0.73,0.83,0.15,0.14,0.65,0.42,0.12
0.76,0.76,0.84,0.22,0.74,0.58,0.86,0.97,0.76
0.82,0.69,0.55,0.87,0.56,0.56,0.13
0.58,0.48,0.24,0.65,0.15,0.47,0.41
0.83,0.32,0.3,0.77,0.75,1.0,0.36,0.8,0.64
0.85,0.18,0.95,0.54,0.81,0.13,0.25,0.56
0.74,0.47,0.8,0.84,0.57,0.12,0.18
0.72,0.54,0.3,0.42,0.22,0.74,0.43
0.33,0.25,0.92,0.93,0.97,0.4,0.54
0.68,0.83,0.15,0.6,0.85,0.77,0.3,0.76
0.46,0.45,0.51,0.52,0.5,0.19,0.65
0.92,0.49,0.37,0.94,0.57,0.4,0.73,0.64
0.7,0.61,0.36,0.82,0.15,0.9,0.27
0.63,0.71,0.47,0.14,0.18,0.76,0.54
0.72,0.88,0.63,0.37,0.44,0.47,0.71
0.51,0.34,0.85,0.4,0.79,0.9,0.53,0.14
0.65,0.2,0.11,0.63,0.77,0.91,0.24,0.71
0.2,0.83,0.69,0.23,0.16,0.91,0.5,0.53,0.71
0.27,0.67,0.69,0.67,0.46,0.96,0.76,0.22,0.37
0.24,0.99,0.16,0.13,0.76,0.34,0.85
0.85,0.65,0.43,0.78,0.71,0.71,0.63,1.0,0.17
0.47,0.48,0.16,0.64,0.29,0.96,0.45
0.63,0.76,0.87,0.7,0.91,0.13,0.68,0.77
0.46,0.7,0.16,0.74,0.39,0.47,0.52,0.58,0.6
0.27,0.1,0.96,0.43,0.28,0.78,0.69,0.46,0.56
0.42,0.59,0.87,0.66,0.52,0.14,0.77,0.54,0.36
0.9,0.65,0.6,0.23,0.51,0.74,0.14
0.73,0.64,0.31,0.24,0.33,0.71,0.2,0.62
0.6,0.62,0.82,0.48,0.61,0.33,0.57
0.45,0.65,0.67,0.37,0.57,0.92,0.96
0.69,0.56,0.86,0.92,0.44,0.22,0.5,0.71
0.94,0.71,0.47,0.11,0.75,0.71,0.19
0.68,0.99,0.75,0.59,0.72,0.3,0.96
0.31,0.2,0.19,0.3,0.91,0.53,0.11,0.16
0.95,0.38,0.75,0.35,0.34,0.16,0.27
0.39,0.68,0.28,0.89,0.19,0.36,0.64
0.96,0.18,0.45,0.94,0.94,0.67,0.59
0.75,0.97,0.64,0.7,0.37,0.1,0.69,0.12
0.97,0.73,0.48,0.24,0.85,0.87,0.23,0.35,0.83
0.41,0.72,0.19,0.68,0.22,0.3,0.33,0.62
0.94,0.6,0.32,0.12,0.29,0.1,0.45
0.26,0.62,0.79,0.67,0.16,0.25,0.65,0.45,0.26
0.25,0.23,0.21,0.1,0.8,0.21,0.87
0.46,0.18,0.37,0.66,0.82,0.23,0.96,0.61,0.2
0.8,0.3,0.69,0.39,0.93,0.84,0.95,0.45
0.62,0.66,0.55,0.25,0.35,0.14,0.7,0.94,0.74
0.65,0.7,0.99,0.66,0.23,0.23,0.38,0.24
0.81,0.62,0.9,0.47,0.84,0.42,0.6,0.96,0.28
0.16,0.4,0.75,0.68,0.98,0.24,0.55
0.51,0.72,0.86,0.57,0.76,0.89,0.96
0.84,0.92,0.27,0.17,1.0,0.34,0.98,0.96
0.93,0.88,0.29,0.48,0.84,0.4,0.8,0.46
0.44,0.67,0.39,0.37,0.23,0.86,0.99,0.47
0.37,0.76,0.53,0.34,0.88,0.95,0.17,0.72
0.63,0.5,0.5,0.24,0.97,0.32,0.72,0.66,0.95
0.64,0.3,0.86,0.18,0.52,0.37,0.37
0.31,0.89,0.74,0.24,0.3,0.45,0.43
0.34,0.95,0.39,0.71,0.63,0.83,0.81
0.8,0.71,0.16,0.42,0.32,0.2,0.73,0.23,0.46
0.99,0.39,0.75,0.53,0.83,0.52,0.64,0.72
0.67,0.39,0.91,0.68,0.99,0.7,0.49,0.34,0.55
0.64,0.19,0.58,0.44,0.75,0.45,0.39,0.76
0.19,0.78,0.52,0.39,0.97,0.99,0.94,0.26
0.71,0.85,0.46,0.97,0.9,0.18,0.18
0.91,0.16,0.46,0.1,0.37,0.85,0.14
0.8,0.51,0.17,0.13,0.7,0.79,0.93,0.25
0.21,0.18,0.77,0.42,0.31,0.44,0.34,0.23,0.97
0.2,0.97,0.61,0.38,0.21,0.69,0.56,0.45
0.27,0.83,0.9,0.4,0.32,0.97,1.0,0.53
0.98,0.48,0.98,0.64,0.33,0.84,0.78,0.45,0.65
0.8,0.77,0.97,0.71,0.21,0.19,0.74,0.39,0.11
0.48,0.61,0.91,0.73,0.46,0.35,1.0,0.59
0.95,0.33,0.52,0.18,0.95,0.87,0.39
0.42,0.25,0.64,0.75,0.14,0.39,0.77,0.19,0.33
0.66,0.93,0.68,0.3,0.2,0.78,0.62,0.19,0.67
0.98,0.25,0.57,0.67,0.1,0.61,0.29,0.47,0.19
0.67,0.19,0.83,0.54,0.84,0.19,0.24,0.89
0.12,0.11,0.4,0.35,0.39,0.59,0.84,0.98,0.29
0.43,0.94,0.52,0.92,0.14,0.4,0.33,0.76,0.33
0.28,0.93,0.26,0.73,0.88,0.74,0.15
0.85,0.41,0.9,0.32,0.56,0.97,0.46
0.78,0.94,0.59,0.61,0.97,0.61,0.87
0.19,0.24,0.41,0.77,0.38,0.4,0.83,0.92
0.5,0.59,0.4,0.69,0.76,0.57,0.15
0.39,0.32,0.89,0.67,0.54,0.26,0.83,0.28,0.84
0.88,0.77,0.79,0.98,0.14,0.39,0.48
0.79,0.63,0.39,0.97,0.66,0.94,0.91
0.24,0.23,0.63,0.31,0.14,0.96,0.95,0.94
0.14,0.77,0.24,0.65,0.77,0.13,0.35
0.95,0.73,0.11,0.4,0.52,0.51,0.68,0.42,0.56
0.89,0.39,0.84,0.14,0.57,0.79,0.5,0.77
0.77,0.65,0.69,0.86,0.54,0.32,0.13
0.84,0.93,0.3,0.45,0.1,0.34,0.88,0.74,0.63
0.15,0.12,0.3,0.83,0.88,0.14,0.54,0.23
0.14,0.72,0.98,0.96,0.15,0.51,0.78,0.17
0.76,0.49,0.86,0.94,0.14,0.25,0.76,0.76,0.7
0.51,0.65,0.29,0.54,0.43,0.73,0.51,0.94,0.25
0.79,0.13,0.93,0.44,0.41,0.12,0.22,0.33
0.76,0.96,0.51,0.74,0.39,0.89,0.47
0.6,0.85,0.27,0.22,0.42,0.91,0.31,0.19
0.74,0.43,0.98,0.13,0.21,0.2,0.27,0.84,0.94
0.93,0.64,0.39,0.2,0.66,0.77,0.69,0.61
0.12,0.43,0.89,0.82,0.77,0.95,0.92
0.86,0.81,0.8,0.8,0.73,0.58,0.6
0.55,0.64,0.34,0.53,0.2,0.88,0.48
0.83,0.95,0.49,0.14,0.48,0.88,0.28,0.24,0.19
0.63,0.35,0.56,0.39,0.99,0.13,0.41
0.22,0.99,0.97,0.24,0.15,0.63,0.83,0.31,0.79
0.95,0.73,0.46,0.51,0.66,0.61,0.48,0.15,0.36
0.84,0.25,0.45,0.58,0.2,0.18,0.96,0.42
0.89,0.36,0.13,0.59,0.7,0.37,0.37
0.14,0.2,0.87,0.23,0.73,0.29,0.9,0.43
0.39,0.91,0.38,0.96,0.9,0.13,0.56,0.83
0.26,0.39,0.4,0.37,0.43,0.27,0.92,0.11
0.86,0.14,0.74,0.66,0.5,0.11,0.61
0.83,0.32,0.78,0.79,0.49,0.52,0.57,0.61
0.31,0.44,0.23,0.66,0.7,0.98,0.4,0.71
0.38,0.43,0.52,0.55,0.25,0.81,0.3,0.24,0.43
0.46,0.19,0.59,0.83,0.26,0.25,0.39,0.4
0.52,0.93,0.11,0.42,0.37,0.14,0.93,0.87,0.35
0.67,0.34,0.51,0.46,0.23,0.75,0.43,0.21
0.35,0.18,0.65,0.2,0.25,0.59,0.53
0.94,0.8,0.93,0.21,0.63,0.59,0.6
0.21,0.43,0.74,0.49,0.97,0.81,0.92,0.46,0.45
0.3,0.72,0.39,0.15,0.7,0.11,0.93
0.55,0.48,0.11,0.54,0.86,0.45,0.84,0.16,0.71
0.64,0.53,0.24,0.11,0.28,0.22,0.13
0.32,0.19,0.25,0.69,0.6,0.32,0.19,0.87,0.99
0.69,0.12,0.94,0.64,0.62,0.35,0.88,0.97,0.29
0.77,0.14,0.15,0.64,0.68,0.86,0.43,0.85,0.22
0.98,0.86,0.76,0.23,0.99,0.36,0.7,0.16
0.81,0.67,0.62,0.64,0.36,0.88,0.96,0.93,0.62
0.91,0.68,0.74,0.6,0.11,0.75,0.18
0.19,0.78,0.31,0.74,0.67,0.86,0.35
0.31,0.32,0.86,0.68,0.88,0.12,0.27,0.31
0.63,0.94,0.67,0.22,0.98,0.55,0.93,0.46,0.64
0.33,0.82,0.8,0.19,0.14,0.64,0.91
0.57,1.0,0.15,0.84,0.36,0.78,0.26
0.33,0.45,0.29,0.32,0.35,0.65,0.52,0.58
0.66,0.95,0.14,0.91,0.9,0.67,0.86,0.2
0.96,0.31,0.55,0.5,0.31,0.16,0.73,0.75,0.83
0.92,0.65,0.77,0.42,0.17,0.76,0.31
0.74,0.5,0.56,0.26,0.66,0.74,0.7,0.51,0.41
0.14,0.71,0.35,0.41,0.32,1.0,0.29
0.57,0.58,0.27,0.73,0.35,0.84,0.97
0.45,0.64,0.56,0.99,0.97,0.65,0.79,0.54,0.23
0.65,0.67,0.57,0.46,0.25,0.23,0.56,0.69,0.97
0.15,0.91,0.85,0.79,0.81,0.63,0.67,0.99,0.17
0.99,0.11,0.57,0.92,0.78,0.13,0.76
0.87,0.69,0.77,0.54,0.23,0.48,0.8,0.42,0.62
0.5,0.14,0.9,0.27,0.1,0.62,0.51,0.25
0.75,0.56,0.6,0.78,0.66,0.83,0.94,0.9,0.46
0.15,0.22,0.94,0.1,0.6,0.7,0.39
0.81,0.98,0.96,0.39,0.48,0.14,0.89,0.91,0.86
0.63,0.23,0.18,0.89,0.22,0.47,0.6,1.0
0.48,0.38,0.55,0.64,0.8,0.27,0.31
0.56,0.45,0.83,0.95,0.17,0.81,0.77,0.71,0.34
0.77,0.12,0.9,0.69,0.63,0.42,0.2
0.52,0.38,0.8,0.9,0.41,0.55,0.21,0.51,0.67
0.75,0.38,0.75,0.31,0.94,0.42,0.18,0.31,0.93
0.24,0.52,0.7,0.82,0.33,0.38,0.81
0.7,1.0,0.52,0.57,0.91,0.85,0.28
0.39,0.83,0.82,0.2,0.57,0.36,0.94,0.16
0.53,0.58,0.52,0.95,0.38,0.48,0.53,0.15,0.57
0.68,0.39,0.98,0.7,0.52,0.42,0.4,0.17,0.24
0.63,0.65,0.94,0.52,0.82,0.37,0.17,0.19,0.62
0.5,0.16,0.51,0.85,0.58,0.93,0.31
0.72,0.18,0.56,0.9,0.2,0.11,0.56,0.54,0.8
0.45,0.97,0.32,0.53,0.57,0.13,0.96,0.16,0.27
0.84,0.38,0.32,0.33,0.61,0.87,0.89
0.73,0.33,0.16,0.66,0.63,0.47,0.75
0.9,0.94,0.28,0.43,0.17,0.84,0.18,0.63,0.36
0.94,0.57,0.87,0.91,0.71,0.88,0.94,0.18
0.72,0.41,0.18,0.79,0.73,0.59,0.26,0.6
0.27,0.25,0.61,0.39,0.83,0.24,0.18,0.36
0.68,0.81,0.63,0.66,0.46,0.89,0.74,0.99,0.36
0.88,0.99,0.66,0.74,0.48,0.2,0.35
0.46,0.52,0.57,0.35,0.24,0.96,0.39,0.28
0.83,0.95,0.98,0.36,0.41,0.57,0.7
0.96,0.25,0.65,0.85,0.34,0.43,0.4
0.57,0.83,0.26,0.27,0.82,0.61,0.89
0.12,0.82,0.87,0.33,0.79,0.34,0.39,0.68
0.81,0.12,0.3,0.36,0.39,0.7,0.66,0.69
0.43,0.96,0.53,0.88,0.51,0.48,0.34
0.76,0.57,0.97,0.85,0.62,0.79,0.31,0.55
0.77,0.17,0.17,0.38,0.22,0.81,0.32
0.1,0.48,0.18,0.82,0.71,0.19,0.43
0.32,0.98,0.86,0.39,0.64,0.83,0.98
0.97,0.12,0.75,0.18,0.45,0.41,0.41,0.87,0.57
0.12,0.83,0.24,0.3,0.67,0.14,0.44
0.3,0.36,0.55,0.56,0.12,0.85,0.24
0.16,0.22,0.6,0.26,0.9,0.84,0.5,0.53
0.78,0.55,0.36,0.4,0.93,0.39,0.29,0.35,0.78
0.3,0.46,0.41,0.26,0.44,0.74,0.62,0.1,0.66
0.14,0.95,0.5,0.21,0.7,0.66,0.37,0.63
0.25,0.79,0.57,0.82,0.4,0.5,0.63,0.84
0.12,0.97,0.29,0.19,0.14,0.83,0.72,0.56,0.71
0.29,0.79,1.0,0.73,0.1,0.93,1.0
0.46,0.47,0.71,0.52,0.12,0.45,0.15
0.29,0.78,0.72,0.35,0.59,0.41,0.76,0.55
0.2,0.77,0.98,0.92,0.64,0.77,0.76,0.78
0.66,0.52,0.26,0.69,0.19,0.13,0.11,0.27,0.65
0.63,0.7,0.52,0.6,0.54,0.76,0.85
0.15,0.75,0.12,0.97,0.74,0.2,0.27
0.44,0.42,0.46,0.12,0.13,0.14,0.38,0.34
0.54,0.51,0.78,0.54,0.19,0.41,0.38
0.65,0.8,0.79,0.32,0.69,0.45,0.68,0.76,0.41
0.35,0.61,0.92,0.61,0.8,0.83,0.17,0.37,0.47
0.98,0.63,0.69,0.57,0.14,0.91,0.45,0.37
0.87,0.22,0.37,0.16,0.78,0.13,0.5,0.17,0.37
0.74,0.64,0.35,0.2,0.73,0.52,0.21,0.37
0.27,0.55,0.84,0.84,0.83,0.18,0.93
0.74,0.54,0.14,0.42,0.97,0.61,0.78,0.56
0.37,0.11,0.91,0.9,0.17,0.86,0.21
0.4,0.54,0.41,0.39,0.18,0.51,0.76,0.64
0.63,0.32,0.82,0.95,0.51,0.36,0.45
0.96,1.0,0.92,0.85,0.64,0.48,0.69,0.63
0.95,0.94,0.38,0.57,0.95,0.64,0.77,0.71
0.81,0.36,0.89,0.15,0.99,0.12,0.68,0.4
0.42,0.21,0.92,0.26,0.24,0.21,0.31
0.45,0.64,0.62,0.53,0.21,0.51,0.37,0.72
0.7,0.48,0.9,0.33,0.27,0.79,0.54,0.26
0.26,0.56,0.81,0.62,0.82,0.48,0.33,0.68,0.75
0.51,0.24,0.2,0.41,0.33,0.21,0.98,0.25,0.85
0.36,0.64,0.62,0.61,0.56,0.62,1.0,0.32
0.37,0.66,0.55,0.48,0.82,0.3,0.13
0.6,0.74,0.23,0.34,0.45,0.91,0.49
0.98,1.0,0.14,0.49,0.64,0.96,0.47,0.88
0.56,0.98,0.19,0.55,0.77,0.99,0.15,0.89
0.78,0.72,0.72,0.16,0.98,0.89,0.76
0.4,0.52,0.91,0.7,0.2,0.47,0.18
0.96,0.79,0.2,0.86,0.55,0.25,0.39,0.46,0.45
0.83,0.38,0.45,0.86,0.41,0.28,0.22,0.22,0.82
0.65,0.91,0.49,0.79,0.37,0.17,0.81,0.77
0.89,0.31,0.57,0.8,0.63,0.55,0.21,0.41
0.89,0.2,0.39,0.32,0.3,0.15,0.92,0.98
0.24,0.98,0.26,0.52,0.11,0.75,0.97,0.41,0.96
0.54,0.27,0.7,0.54,0.29,0.78,0.43,0.9,0.93
0.58,0.19,0.65,0.62,0.47,0.24,0.23,0.46
0.38,0.62,0.44,0.36,0.22,0.85,0.14,0.32,0.33
0.69,0.55,0.44,0.96,0.88,0.44,0.94,0.68
0.75,0.29,0.41,0.37,0.42,0.54,0.82,0.2
0.18,0.57,0.48,0.69,0.74,0.85,0.1,0.68,0.42
0.98,0.51,0.98,0.56,0.11,0.8,0.86
0.65,0.54,0.2,0.37,0.53,0.14,0.46
0.67,0.37,0.38,0.6,0.87,0.57,0.68,0.18
0.73,0.76,0.87,0.2,0.43,0.16,0.77,0.44
0.58,0.8,0.36,0.52,0.49,0.35,0.24
0.15,0.73,0.94,0.39,0.63,0.18,0.32,0.61,0.35
0.33,0.78,0.98,0.15,0.16,0.69,0.2
0.5,0.24,0.34,0.17,0.14,0.63,0.31,0.95
0.27,0.87,0.18,0.38,0.4,0.85,0.93
0.11,0.83,0.53,0.98,0.29,0.11,0.32
0.38,0.45,0.32,0.17,0.56,0.38,0.95,0.13,0.26
0.68,0.68,0.75,0.69,0.95,0.6,0.43
0.52,0.83,0.47,0.32,0.96,0.38,0.74
0.49,0.29,0.56,0.68,0.24,0.4,0.64
0.41,0.33,0.17,0.44,0.68,0.63,0.95,0.57,0.77
0.47,0.37,0.79,0.29,0.2,0.71,0.73,0.7
0.62,0.93,0.15,0.31,0.24,0.87,0.2
1.0,0.67,0.13,0.9,0.48,0.67,0.33
0.59,0.4,0.28,0.4,0.61,0.84,0.96
0.25,0.28,0.83,0.93,0.69,0.41,0.98,0.79,0.6
0.46,0.17,0.44,0.87,0.93,0.81,0.86,0.93,0.65
0.77,0.7,0.19,0.59,0.27,0.35,0.22
0.88,0.2,0.5,0.86,0.86,0.49,0.96
0.19,0.82,0.43,0.77,0.84,0.49,0.41
0.42,0.74,0.28,0.92,0.73,0.5,0.92,0.96
0.79,0.77,0.55,0.69,0.77,0.18,0.52,0.35,0.63
0.95,0.87,0.36,0.53,0.86,0.62,0.68,0.63
0.54,0.16,0.53,0.17,0.7,0.2,0.27,0.78,0.87
0.31,0.24,0.52,0.33,1.0,0.7,0.23,0.73,0.77
0.79,0.66,0.1,0.23,0.93,0.39,0.62
0.59,0.29,0.4,0.59,0.67,0.79,0.5,0.22
0.28,0.96,0.69,0.55,0.6,0.76,0.87
0.4,0.39,0.9,0.5,0.85,0.88,0.4
0.99,0.6,0.5,0.97,0.76,0.89,0.77
0.78,0.96,0.63,0.98,0.92,0.98,0.72,0.85,0.55
0.91,0.75,0.49,0.83,0.41,0.52,0.33
0.88,0.62,0.26,0.91,0.68,0.51,0.47,0.52
0.87,0.83,0.35,0.19,0.45,0.33,0.82
0.96,0.91,0.78,0.82,0.4,0.78,0.15,0.22
0.33,0.42,0.66,0.11,0.17,0.55,0.14,0.72,0.45
0.2,0.52,0.84,0.41,0.87,0.91,0.87
0.7,0.49,0.43,0.89,0.68,0.21,0.3,0.66,0.14
0.31,0.27,0.34,0.16,0.54,0.13,0.14
0.74,0.95,0.14,0.87,0.61,0.69,0.73,0.82
0.26,0.86,0.63,0.66,0.42,0.74,0.9,0.44,0.47
0.77,0.57,0.16,0.11,0.29,0.5,0.55,0.34
0.95,0.92,0.22,0.81,0.32,0.62,0.56,0.19,0.68
0.36,0.19,0.28,0.11,0.72,0.15,0.49,0.13,0.33
0.75,0.95,0.3,0.55,0.27,0.46,0.94,0.65
0.45,0.45,0.94,0.27,0.56,0.41,0.33,0.42
0.59,0.96,0.53,0.43,0.88,0.51,0.26,0.29,0.48
0.49,0.94,0.53,0.78,0.55,0.42,0.71,0.39,0.56
0.58,0.85,0.25,0.46,0.16,0.84,0.45,0.1,0.85
0.67,0.69,0.28,0.87,0.4,0.59,0.82,0.61
0.97,0.62,0.44,0.39,0.98,0.45,0.2
0.57,0.59,0.29,0.15,0.39,0.29,0.28
0.76,0.21,0.67,0.83,0.89,0.42,0.39,0.69
1.0,0.72,0.65,0.29,0.57,0.48,0.5,0.2
0.22,0.48,0.35,0.45,0.11,0.83,0.97,0.69,0.23
0.15,0.34,0.44,0.97,0.49,0.4,0.91
0.93,0.1,0.67,0.85,0.26,0.17,0.97
0.31,0.53,0.88,0.97,0.53,0.87,0.71,0.66
0.41,0.45,0.12,0.92,0.8,0.93,0.89
0.55,0.14,0.74,0.98,0.6,0.54,0.92,0.25
0.76,0.24,0.62,0.44,0.65,0.21,0.86,0.47
0.81,0.83,0.76,0.96,0.72,0.85,0.49,0.81
0.63,0.89,0.42,0.12,0.39,0.24,0.79,0.36
0.82,0.12,0.21,0.53,0.69,0.68,0.1,0.71,0.63
0.45,0.96,0.7,0.76,0.56,0.18,0.83,0.58,0.26
0.3,0.63,0.99,0.92,0.43,0.57,0.73,0.64
0.17,0.71,0.98,0.81,0.87,0.81,0.13,0.87
0.17,0.97,0.78,0.72,0.14,0.44,0.95,0.18
0.37,0.31,0.72,0.75,0.38,0.58,0.84,0.68
0.82,0.69,0.1,0.68,0.66,0.97,0.45
0.55,0.57,0.37,0.8,0.96,0.51,0.71,0.27,0.59
0.74,0.95,0.1,0.24,0.29,0.53,0.97,0.18,0.48
0.91,0.34,0.44,0.23,0.67,0.92,0.72,0.84
0.13,0.52,0.6,0.73,0.96,0.96,0.26
0.42,0.57,0.85,0.27,0.34,0.43,0.26,0.74
0.66,0.91,0.36,0.61,0.12,0.44,0.44
0.68,0.33,0.82,0.6,0.53,0.14,0.2
0.71,0.88,0.54,0.51,0.16,0.46,0.13
0.26,0.71,0.72,0.9,0.62,0.19,0.66,0.11
0.33,0.31,0.79,0.52,0.36,0.16,0.22
0.55,0.41,0.24,0.4,0.39,0.71,0.57,0.6,0.13
0.12,0.52,0.52,0.4,0.54,0.29,0.1
0.81,0.9,0.83,0.38,0.55,0.48,0.73,0.78,0.89
0.93,0.14,0.95,0.25,0.59,0.68,0.21,0.86
0.7,0.2,0.47,0.64,0.94,0.7,0.29,0.32
0.97,0.64,0.81,0.74,0.26,0.37,0.63,0.99,0.37
0.58,0.68,0.92,0.28,0.37,0.31,0.93
0.6,0.92,0.57,0.28,0.82,0.51,0.2,0.83,0.54
0.25,0.58,1.0,0.72,0.84,0.53,0.42,0.5
0.16,0.65,0.36,0.66,0.43,0.68,0.93,0.77
0.14,0.17,0.6,0.37,0.46,0.63,0.55,0.78
0.9,0.94,0.35,0.23,0.29,0.29,0.73,0.67
0.59,0.6,0.52,0.34,0.83,0.39,0.37
0.28,0.73,0.72,0.81,0.88,0.22,0.75
0.67,0.93,0.69,0.5,0.86,0.95,0.66
0.3,0.7,0.83,0.93,0.12,0.95,0.6,0.8
0.12,0.26,0.61,0.58,0.49,0.76,0.75,0.86
0.31,0.59,0.42,0.19,0.36,0.99,0.81,0.35,0.91
0.16,0.6,0.16,0.37,0.75,0.73,0.72,0.74,0.16
0.14,0.6,0.41,0.32,0.41,0.16,0.19
0.92,0.65,0.37,0.73,0.78,0.62,0.34,0.8
0.99,0.3,0.44,0.74,0.19,0.49,0.36,0.54
0.16,0.86,0.23,0.85,0.46,0.82,0.21,0.35
0.72,0.6,0.93,1.0,0.11,0.39,0.13,0.94
0.26,0.3,0.46,0.91,0.48,0.48,0.59,0.37,0.28
0.69,0.74,0.25,0.15,0.41,0.71,0.52
0.15,0.61,0.79,0.62,0.72,0.73,0.33
0.84,0.35,0.68,0.84,0.49,0.74,0.68,0.11,0.83
0.6,0.25,0.12,0.46,0.91,0.49,0.7,0.14
0.65,0.96,0.83,0.47,0.78,0.49,0.97,0.98
0.46,0.48,0.9,0.19,0.91,0.59,0.55,0.51,0.11
0.26,0.75,0.38,0.61,0.87,0.47,0.84,0.97
0.55,0.45,0.88,0.11,0.35,0.36,0.77,0.7,0.58
0.88,0.56,0.81,0.93,0.54,0.28,0.5
0.87,0.91,0.44,0.73,0.61,0.79,0.88
0.24,0.55,0.13,0.72,0.12,0.86,0.52,0.11
0.27,0.17,0.85,0.68,0.87,0.92,0.91,0.7
0.11,0.85,0.68,0.86,0.69,0.43,0.54,0.9
0.56,0.86,0.28,0.79,0.23,0.69,0.62
0.71,0.75,0.39,0.57,0.66,0.96,0.95,0.13
0.78,0.7,0.78,0.69,0.57,0.26,0.81
0.91,0.25,0.35,0.87,0.52,0.67,0.92
0.49,0.49,0.16,0.24,0.98,0.15,0.39,0.69
0.63,0.43,0.3,0.11,0.71,0.14,0.68,0.75,0.86
0.3,0.59,0.5,0.42,0.55,0.84,0.63,0.88
0.19,0.73,0.63,0.84,0.72,0.95,0.55,0.88
0.83,0.48,0.38,0.19,0.81,0.73,0.93,0.77
0.1,0.21,0.94,0.25,0.6,0.38,0.45
0.46,0.27,0.71,0.98,0.6,0.99,0.65,0.42,0.68
0.6,0.23,0.51,0.67,0.2,0.25,0.14
0.84,0.64,0.81,0.89,0.62,0.96,0.74,0.25
0.87,0.32,0.97,0.34,0.89,0.93,0.27,0.84,0.56
0.86,0.59,0.96,0.65,0.18,0.6,0.3,0.79,0.58
0.43,0.69,0.97,0.17,0.8,0.73,0.83
0.88,0.17,0.82,0.22,0.68,0.66,0.17,0.96,0.52
0.75,0.43,0.21,0.84,0.26,0.91,0.51,0.87
0.54,0.13,0.21,0.69,0.76,0.54,0.69,0.74,0.93
0.26,0.38,0.39,0.56,0.86,0.38,0.45,0.98
0.95,0.33,0.56,0.62,0.89,0.99,0.85
0.9,0.98,0.65,0.3,0.27,0.7,0.13,0.75,0.98
0.28,0.26,0.75,0.42,0.36,0.6,0.78
0.8,0.25,0.85,0.19,0.73,0.63,0.52,0.85,0.8
0.31,0.5,0.91,0.89,0.35,0.5,0.19,0.85,0.71
0.86,0.88,0.18,0.31,0.49,0.5,0.28,0.48
0.73,0.8,0.95,0.54,0.9,0.2,0.73
0.18,0.79,0.51,0.28,0.55,0.17,0.94
0.2,0.3,0.87,0.97,0.26,0.27,0.81,0.37,0.75
0.5,0.16,0.35,0.36,0.93,0.32,0.26,0.67,0.21
0.59,0.87,0.39,0.45,0.7,0.99,0.51,0.71
0.91,0.34,0.45,0.68,0.48,0.22,0.42,0.81
0.21,0.28,0.4,0.67,0.43,0.58,0.68,0.99
0.85,0.22,0.18,0.68,0.59,0.85,0.73,0.29,0.52
0.57,0.5,0.72,0.28,0.39,0.35,0.66,0.85
0.99,0.43,1.0,0.92,0.9,0.9,0.91
0.85,0.1,0.25,0.94,0.23,0.9,0.57,0.81,0.21
0.15,0.49,0.95,0.95,0.43,0.2,0.59,0.83,0.44
0.93,0.47,0.49,0.55,0.25,0.39,0.89,0.26
0.5,0.65,0.83,0.25,0.72,0.32,0.43
0.52,0.56,0.66,0.41,0.53,0.45,0.98,0.55,0.7
0.6,0.5,0.71,0.23,0.96,0.52,0.12,0.79,0.61
0.97,0.36,0.34,0.87,0.66,0.26,0.3,0.7,0.38
0.27,0.6,0.18,0.23,0.41,0.88,0.6
0.76,0.16,0.19,0.6,0.71,0.35,0.77,0.37
0.44,0.3,0.26,0.63,0.61,0.2,0.99,0.92,0.31
0.17,0.2,0.85,0.45,0.55,0.63,0.26,0.52,0.29
0.69,0.94,0.9,0.82,0.82,0.9,0.18
0.18,0.27,0.68,0.6,0.93,0.89,0.19,0.69
0.69,0.88,0.65,0.3,0.48,0.18,0.94,0.65,0.57
0.36,0.78,0.13,0.86,0.6,0.76,0.4
0.34,0.93,0.87,0.23,0.29,0.83,0.99,0.77
0.33,0.47,0.33,0.44,0.19,0.24,0.28,0.33,0.4
0.68,0.87,0.5,0.27,0.79,0.79,0.68,0.63
0.27,0.73,0.45,0.87,0.9,0.41,0.37
0.65,1.0,0.84,0.75,0.96,0.21,0.8
0.54,0.38,0.3,0.93,0.43,0.46,0.38,0.72
0.29,0.63,0.79,0.65,0.72,0.3,0.33,0.69
0.56,0.44,0.1,0.77,0.61,0.66,0.26,0.46
0.62,0.84,0.27,0.24,0.87,0.41,0.92,0.37,0.45
0.9,0.72,0.24,0.37,0.29,0.97,0.42
0.39,0.67,0.35,0.84,0.38,0.3,0.48,0.18
0.64,0.23,0.27,0.59,0.2,0.76,0.44,0.95,0.24
0.4,0.79,0.96,0.36,0.77,0.11,0.61,0.79
0.24,0.42,0.91,0.19,0.29,0.81,1.0
0.7,0.83,0.45,0.74,0.71,0.49,0.61,0.88
0.42,0.58,0.89,0.84,0.35,0.88,0.39,0.25
0.18,0.66,0.42,0.85,0.8,0.95,0.33,0.45
0.31,0.51,0.35,0.38,0.81,0.32,0.58,0.66
0.95,0.22,0.91,0.72,0.78,0.64,0.91
0.73,0.8,0.86,0.55,0.82,0.43,0.53,0.46
0.35,0.75,0.73,0.92,0.32,0.86,0.18,0.19,0.67
0.59,0.11,0.43,0.21,0.34,0.12,0.79
0.59,0.95,0.84,0.39,0.39,0.94,0.13
0.75,0.35,0.59,0.34,0.84,0.38,0.91
0.96,0.57,0.47,0.15,0.36,0.57,0.69
0.93,0.5,0.49,0.89,0.97,0.44,0.32,0.72,0.82
0.76,0.86,0.75,0.64,0.62,0.59,0.76,0.21
0.27,0.29,0.57,0.65,0.23,0.63,0.47
0.24,0.11,0.22,0.11,0.97,0.65,0.11
0.28,0.12,0.9,0.94,0.52,0.64,0.68,0.67
0.66,0.2,0.2,0.19,0.43,0.22,0.95,0.84,0.31
0.96,0.24,0.87,0.71,0.22,0.62,0.18,0.54
0.85,0.63,0.74,0.53,0.47,0.37,0.86,0.23
0.37,0.54,0.9,0.61,0.15,0.28,0.8
0.95,0.58,0.91,0.61,0.36,0.47,0.5,0.4,0.65
0.93,0.15,0.72,0.66,0.99,0.29,0.82,0.82,0.13
0.89,0.12,0.7,0.99,0.54,0.92,0.83,0.85,0.85
0.17,0.24,0.66,0.76,0.99,0.92,0.45,0.7,0.13
0.35,0.3,0.85,0.66,0.32,0.69,0.65
0.67,0.11,0.87,0.5,0.71,0.46,0.44
0.79,0.9,0.79,0.5,0.85,0.82,0.51,0.3,0.5
0.62,0.53,0.23,0.71,0.47,0.14,0.25,0.59,0.96
0.96,0.67,0.25,0.36,0.8,0.32,0.48,0.39
0.96,0.45,0.68,0.74,0.15,0.74,0.88
0.96,0.89,0.29,0.81,0.28,0.62,0.71,0.98
0.97,0.91,0.93,0.4,0.33,0.35,0.32,0.2
0.93,0.9,0.12,0.62,0.61,0.12,0.97,0.95
0.11,0.12,0.9,0.59,0.68,0.31,0.86,0.77
0.3,0.77,0.94,0.43,0.41,0.42,0.97
0.25,0.1,0.37,0.19,0.26,0.54,0.96