2429,2436,1467,3457,1628,2436,2787,3686,2436,2436,3547,3516,3686,3549,2787,3686,3737,1687,1486,2649,1687,1486
2429,1467,2787,2787,2436,1467,1628,3686,3549,1687,2436,2649,2528,2528,1687,3549,2436,3417,1687,3686,3686,2528,3686,3457,1628,2436,2436,3737,3687,2649,3687,3687,3547,1777,2649,2429,2436,2436,1687,3547,2429,3737,2649,3687,1467,1486,2436,1416,2436,1416,3686
3417,1628,2436,2436,2649,3686,1416,1687,1467,3548,3457,2787,1486,2679,1687,2436,3457,2649,2436,2429,2649,1486,1687,3737,3686,2429,3687,2679,2429,2436,1467,2787,2528,2436,2649,3417,3547,3417,3549,2436,3516,3457,2787,1467,1467,1416,3737,3516,3417,1416,2429,2679,2436,2528,1777,2528
3686,2528,3417,2436,3417,2436,2528,3516,1777,3549,1628,1467,3686,3687
3549,2436,1628,2429,1628,2787,3516,2436,3686,1777,3516,3737,3417,1687,2528,2436,3548,1687,2787,2679,3686,2787,1467,2436,2429,3547,1486,3516,1628,1777,3417,2436,2436,1777,1486,3457,2429,2679,3547,1687
3549,1467,2528,3457,3587,3687,3737,2436,3587,1687,2649,1416,2429,1687
3686,1416,1486,2436,3547,3457,2429,2436,1467,3548,2436,1416,3686,3686
2436,3587,2436,3587,1777,3549,2679,3516,2436,3549,3457,3686,2436,3549,2429,3687,3417,1777,2436,2429,2528,2679,3457,2679,2528,3686,3547,3457,1777
2787,3516,2436,3686,3737,1486,2679,2436,1486,3737,3687,3737,1467,3417,1416,3417,2429,2679,3548,1486,3587,1777,3547,2679,3549,3687,3417,1628,2679,2679,3457,3686,3587,1467,3516,3737,1467,3457,1628,3687,1467,2649,1687,1486,2429,3516,2787,3737,1486,3547,2436,2528
2436,3737,3737,2679,1777,3549,2679,2528,2787,2436,2649,2787,3549,1687,2429,2649,3417,1486,2429,2436,3547,2679,3417,3549,3687,1486,3686,3737,3417,1628,3549,2528,1467,2429,1777,2436,3737,1416,2787,3547,1777,2528
2436,2436,3686,1416,1777,3457,3549,1777,2436,3737,2528,3686,2679,1486,2787,2436,3417,1777,2528,1416,3457,3686,3549
2436,2528,3686,2436,3686,3548,2528,3687,1416,1777,1467,1687,2429,2679,2649,3686,1416,2436,3737,3547,2436,3686,1416,3547,1687
1628,3457,3516,1628,2679,2429,2679,2787,2787,2436,2436,2436,1467,1777,1687,1467,3548,3686,1416,1628,2649,2787,2429,3548,3686,3687,2436,2429,2436,2436,1486,3686,3457,2528,3686,3687,1467,2436,1416,2429,1628,2787,1777,2679,1416,2649,3457,3686,2436,1467,1467,3687,3548,1416
3457,3548,3686,1687,1467,2679,2787,2679,2528,1628,1687,3417,1467,1416,1628,2679,2649,3686,3548,1467,3549,1467,2429,3686,2436,1777,1628,2787,2649,1777,2649,2436,3457,1416,1467,2679,1467,2787,3686,1777,3686,3417,1416,1687,2436,3686,3686,3516,3457,3587,3687,3549,1687,2649,3549,2436,2679,3417,3547,2649,1416,2436,3686,2649,1416,1687,3516,3417,3457,2436
3516,2436,2429,2436,1416,2528,3687,2436,1486,3547,3587,1486,3547,3548,3686,3547,3417,3457,2679,2436,2436,1486,3549,3686,3457,3587,3548,2436,3686,2679,1467,3548,2429,1777,3516,2436,3417,3548,2649,2787,3686,2436,2429,1416,1467,1628,2528,1467,2429,2528,3548,1777,3737,2436,3686,1777,1486,2649,3516,3457
2649,1486,3687,3457,2429,1416,1777,2787,1416,3457,2649,3686,3548,2436,1486,1467,2787,2436,2528,1777,2787,1486,1486,2429,3737
2429,3548,3548,2649,3587,3516,1628,3548,2649,1687,3687,2787,1777,2436,3587,3516,3686,1416
2679,3737,3417,3417,1687,2436,3587,3547,1628,3686,3549,3417,3686,2429,1467,2436,1486,2436,2679,3687,1777,2436,2429,3547,2436,3516,3686,3687,3686,2436,1628,2436,3686,1628,2649,2528,3547,1777,2649,3549,2787,3687,1687,3737,1467,1416,2429,3686,3548,2436,1628,3457,1486,3548,1687,3737,3686,1486,2528,3587,1628,3686,1486,2649
1777,2429,1687,1467,1777,2436,3737,3516,3686,2679,3457,2787,2436,1416,3587,3417,2787,3686,2436,1777,3547,3549,3457,3548,3587,2787,3686,2436,2679,2436,3549,3516,3516
3737,3687,2679,3548,3516,1687,2429,3686,3457,2436,2429,3549,2429,3686,3516,3457,1467,3587,1467,1467,1486,3417,1687,1467,2679,1777,2649,3547,3587,3549,3686,3417,3547,3686,2679,1687,2429,3417,3686,2436,3417,3686,1467,1777,2528,2436,1687,1777,3548,3549,2649,1628,3686,3687,1486,1467,3548,3687,1467,2528,1628
3686,3457,3417,1486,3548,1416,3548,3516,2679,2436,3457,3547,2436,2528,1687,2787,2436,1416,2649,3547,2436,3686,3587,1777,2649,2436
3686,2649,3587,3587,2679,1416,2429,3549,3686,1486,3417,2787,3686,3548,1777,1416,3417,3737,3516,2429,3457,2436,2436,2787,3547,2429,3516,3687,1486,3547,3417,2679,3686,2429,2528,3547,2679,2679,2649,2436,1777,2649,3417,3457,2436,2528
3686,1467,3687,3686,1628,3516,2787,1687,2528,2436,3457,1467,1628,1416,3547,3548,2436,2679,3687,2429,3687,3587,3457,3737
2787,3737,2436,3686,1467,3548,1467,3687,3457,3548,1628,2679,2679,3516,3686,1777,2429,3686,2436,3417,2436,1687,1416,1777,1687,3547,3587,3547,2436,3587,1467,3686,3417,1777
2679,1486,2787,2436,3687,3686,2436,2429,2429,1777,2528,2528,2679,1416,3587,3737,1416,1416,2649
1416,2436,3587,3417,1628,3548,2436,3457,2787,3417,2787,2436,1777,3548,2436,2528,3516,3547,3547,1467,3547,1628,2679,1687,3457,2679,3686,1467,1486,2436,2787,1467,3687,2787,3417,2436,3686,2679,2649,3687,3457,2429,2649,2528,2436,3549,3687,2436,1467,2436,2649
2436,2429,2436,1687,2679,1628,3686,1486,3687,3686,2429,3587,1687,1628,3737,3516,1416,1777,3549,1628,3457,2436,2429,2679,1416,3547,3687,3417,3548,2436,2436,1416,3737,3687
1777,2429,1416,3686,1687,2787,3687,1486,3417,2679,2436,3457,1416,1777,1777,3687,3516,2787,3737,2787,3686,1467,3547,3587,2429,3548,3737,1628,1687,2436,3686,2679,2436,3548,2787,1486,3417,3686,1628,1628,2429,3549,3587,3547,2649,3686,2436
3457,2436,2436,3686,2429,1777,3587,1687,2787,3687,1628,2436,3457,3587,2787,3457,3587,3687,3686,2429,1467,3457,3687,1628,1687,2429,3457,2436,2787
3587,3547,3547,1777,1467,3686,2429,3548,3417,3687,1777,3548,2436,2528,3417,2679,2436,3547,1628,2787,3549,3547,2649,3686,2649,1628,3457,3548,3516,1687,2787,1687,3548,1777,1777,2436,3686,2679,3457,1687,1486,3686,3549,1687,3549,1416,2787
1416,3686,3417,2429,2649,3686,1777,3457,3587,3737,2436,1777,3547,1628,3417,2429,1416,3686
2429,2787,3417,1628,3547,2649,3687,1486,3547,1777,1628,2436,3457,1467,3457,3417,2436,1687,1687,1687,3516,3737,1687,2436,1628,3417,1687,1486,2429,2528,3686,3547,1628,3417,1486,1777,3457,3686,3686,1777,2528,1416,3687,1467,1467,3417,3457,1486,3417,2528,3686,2787,3549,2436,3417
2787,1687,3547,3457,2528,3548,3549,3417,2679,2787,1467,1628,1416,3687,3686,3516,3687,2436,2679,2649,2436,3687,2436,3587,1467,3549,3549,1486,1777,3737,1467,2436,3737,1416,2429,3547,1687,1687
1628,3516,1467,1416,1628,2787,1416,1467,2436,2436,3547,1416,2436,2528,3587,3686,3457,3547,2436,2787,2528,2436
1628,2528,3587,2436,2649,3547,2528,3686,3516,1467,2528,3737,1777,2679,3516,3686,3417,2436,3737,3686,3457,3686,1628,3457,3686,3549,3686,1628,3417,3686,2436,2528,2436,3457,2787,3549,1777,3516,3457,1628,2649,1687,3548,3686,2679,1416,2649,2436,2649,1777,1467,2436,3587,3457,3549,2436,3549,3516,2436,1687,3548,1777,3687
1687,2436,3548,3516,1687,3417,3547,1467,2649,1486,3587,1628,2679,2429,3549,2429,2649,2528,2679,2649,3549,2528,3587,2436,2787,3687,3417,1467,1416,1777,1486,2429,2436,1628,2679,3686,3457,1467,3457,1777,2429,2436,3737,2787,2649,3548,3686,1486,3457,2649,1467,1687,2436,3587,2429,3686,3686
3687,3457,2649,2679,1486,1687,3686,2436,2436,1486,1416,3548,1687,2649,1777,1687,2436,1416,3547,2528,2436,2787,2429,1628,3686,1628,3587,2436
2436,3417,3549,2528,2649,2436,1486,3686,3549,3686,2787,2649,3457,1486,2436,3549,3737,2528,3687,3548,3686,2787,2436,3687,2436
3686,2649,3516,3457,2528,3587,3686,1687,2787,1416,3549,3516,1628,2436,1777,2436,3457,2528,1777,3516,3587,2649,2436,2429,2436,3417
1687,3587,1486,1467,1628,3547,2679,3686,2429,2436,2429,1467,1628,3686,3687,3549,3737,3687,2436,3547,3548,3417,2436,1486,3686,2436,3549,3516,2436,3547,3548,3737,1777,3737,2649,1628,3547,1467,3549,1628,2436,3516,1687,3687,3587,1416,3549,2528,3549,3686,1687,1777,2436,3516,1777,2436,2436,2436,2649,3547
3417,2436,3457,3417,2649,2787,1467,2528,3548,3686,2436,1777,1687,1628,3548,3547,1777,3549,3737,1416,2679,2649,3686,2528,3548,2679,3687,3686,3548,3737,3587,3516,2679,1628,3587,2436,3547,2436,1486,3686,2436,2436,2436,3516,3587,1467,1467,1777,3547,2528
3737,3417,1416,3548,3587,2528,3686,1687,3549,3547,2649,3547,3548,2436,3516,1687,3737,1416,3686,3686,1416,3417,3549,3417,1687,3547,1486,3547,3737,3457,3516,1416,1628,3457,1628,3549,2679,3687,2528,2679,2436,2429,3686,2787,3549,3686,3686,3686,1467,3516,1777,3686,1486,1416,3549,3549,3548,3686,2436,2787,3687,3417,1486,3548,1416,2436,2436,3587,3549
3516,2528,2528,2787,1628,1467,1416,3737,2787,3548,2679,3737,2787,2436,3587,2429,3457,3737,3516,2528,1777,2679,3549,3587,3549,3686,3686,2679,1467,1467,2436,1467,3549,2679,3686,1777,3547,1777,3686,1777,2649
2429,1777,3687,3548,2429,2679,3516,3457,3686,3417,3516,1416,3737,3549,2436,3547,3547,1467,3737,3687,1486,3457,3417,1687,2436,3686,3737,3686,2429,1628,3587,1467,2436,3549
3547,3516,2649,3417,2436,3687,3548,3686,1467,3547,1628,3457,1777,3548,1628,3686,1467,2649,3516,3457,3549,2436,1467,3687,1467,3686,1486,1467,3457,1416,3587,1486,1687,1777,1628,3687,1486,3516,1467,3548,2436,3686,3686,3417,2436,3516,2528,3457,2528,2679,3549,2436,3737,3686,3457,2679,1416,3687,2528,3457,1486,2436,2436,3457,2649
3686,3547,3516,2429,1416,2436,2787,2436,3687,1628,3548,1486,3549,3686,3516,2436,3417,2679,1777,3457,3547,3516,1486,3737,1467,2787,1416,3547,3516,2679,1687,3457,3548,2787,2528,3548,3516,3737,2649,1467,3687,3516,2436,3737,2649,3587,3686,2436,1486,1687,3548,2429,2649,1416,3457,3687,1416,2679,3687,3549,1416,2429,2528,3587
2436,3548,3687,3686,3417,1416,3686,2528,3687,1486,2436,3686,3516,1687,2429,3587,3547,3547,3547,3686,3516,2436,3686,3587,1628,3417,3457,1777,2436,3686,1416,3687,2528,3687,2528,2528,3549,3686,2429,2679,1777
3549,3547,3737,3549,3687,3547,2649,2649,3687,2429,3737,1628,1628,2436,2679
1486,3457,1467,1628,1687,3547,3457,3457,2787,3417,1777,2436,3686,3549,1628,2436,2528,2436,2436,3686,1628,2679,3686,3587,2436,3548,3686,1467,1687,1777,3548,2436,2528,3548,1486,3457,2436,1777,3687,2429,3686,1628,3548,3547,2528,3587,3737,3417,1467,2528,3547,1628,3516
2649,3587,3547,3516,3687,3548,3737,2679,3549,1467,3737,1628,3737,1486,1416,1467,1416
3737,3516,3548,3587,1687,2787,3457,3687,3687,1777,1486,1687,3516,2528,2649,2436,3686,3516,3548,1416,3516,2429,2436,2429,3737,3737,3549,3457,3548,3587,3417,2436,3737,3687,2528,1777,2436,3549,2436,3549,2787,3587,3548,3547,3686,2436,3549,3687,3547,1416,1416,1467,1416,2787,3549,3737,2436,3686,3549,2528,1687,3587,1628,3516,3548,3516
1777,3457,1486,1687,1628,3547,2649,2436,3516,1467,3549,1416,3548,2436,1486,3457,2436,2649,3587,3686,2649,2787,3737,3737,2787,3516,2436,2436,3587,3417,1628,2679,1777,1777,3549,3686,3417,3457,1467,3686,3457,1628,3457,3587
2528,3686,2649,2436,3457,2528,3547,1467,1467,3417,3548,2528,2787,3516,1628,3417,1687,3686,2436,3457,1416,3549,2436,3516,2436,1628,3516,2436,3686,3547,3549,3417,1416,3516,2429,3686,2436,1467,3587,2436
2436,2429,1467,3587,2649,3587,3686,3687,2436,1628,2787,2429,1467,3737,3549,1777,2429,3417,3686,3548,3737,1687,2649,3587,2528,3737,3587,1687,2787,1628,1416,2679,3687,3547,3457,1467,3548,2787,2528,2649,3457,3548,1416,1486,3548,1467,2436,3686
3548,3516,1687,3687,2436,3686,3547,3687,1416,3737,3549,2436,2679,2649,2436,2787,1777,1486,3417,1467,2528
3549,2436,3686,2429,2429,2436,3547,3547,2436,1777,2649,1416,3686,3687,3548,1467,2436,1687,3686,1416,2436,3457,2649,2679,2528,3548,3516,1416,1687,3686,3686,2436,1416,2429,1486,3457,3548
1467,2429,1416,2436,3737,2528,3686,2436,3686,3687,2436,1467,3417,1486,3516,2436,1467,3516,2528,1467,2679,1777,3587,3737,3548,3548,3587,1777,3548,1467,3687,3516,3686,1777,3686,3687,2436,2436,3687,3548,3737,3687,1416,1628,2528,3516,2787,3686,2528,3737
2528,3417,2679,2679,3548,2787,3737,1687,3686,3457,2787,2429,3549,1416,2436,2679,2679,3687,1628,3417,1416,1777,1467,2528,3686,2429,1416,3549,2429,2649,2436,2787,3686,2436,2436,1416,2787,2528,2649,2436,2436,3547,1486,2528,2436,2436,1628,2436,2528,3686,2679,3547,2429,2679,1777,1777,2649,1777,1777,3549
2436,3547,1467,1486,2528,1777,3516,2787,2679,2436,2436,2528,3417
1777,1486,2649,3737,3417,3687,3547,3549,3548,3417,3737,2436,3548,3687,1687
3547,3417,1687,2436,1687,3457,1777,3516,3687,3686,2429,3417,3548,2436,2436,3737,2436,3417,2679,2429,1687,3516,3686,1416,3686,2429
2429,3548,3417,3737,1777,2679,1416,1777,3737,1486,3417,1777,2429,3547,3457
2787,3547,3686,1687,3548,2528,2436,2649,3549,3686,1687,2436,2429,2436,2436,2436,3737,1467,1467,3687,2429,3417,3686,3547,2679,3516,1777,2679,3587,1416,2679,3737,3686,2787,3547,3687,3686,3549,2649,2528,2436,2436,3457,3686,3548,1467,3547,2436,2429,3686,2787,2679,2679,1467,2436,2679,3457,2436,3516,2429,2429
1777,3686,1416,1628,3457,1777,1777,1628,2679,3549,1416,1777,3548,3548,3686,1467,1687,1777,3687,3516,3686,2649,2787,2679,1467,2436,3737,1777,3587,2528,2679,2787,1777,2436,3687,3686,1486,2528,1467,3587
3457,1416,2679,2436,1777,2649,3587,3549,2528,2429,1628,2436,3687,3547,3516,2528,3417,1777,3457,1486,2528,3549,2787,3686,3457,3686,3686,3417,2528,1628,3548,1416,3417,3548,2429,2787,3686,2528,2436,2436,1486,1687,2787,3687,2649,3686,2787,3516,1628,3549,3516,1486,2679,1628,2436,2436,3587,1467
3549,3549,2679,2787,3686,2649,1628,2429,3516,2679,2787,3548,3737,2679,3687,2436,3417,3457,3549,1467,3548,1416,2649,2436,3687
2429,3686,3687,3687,1687,2436,3547,3737,3686,3547,2436,1467,2436,1777,3457,1687,3548,2429,2436,3457,3547,1777,2649,3547,3686,3417,3737,3548
3587,2436,3549,2679,2436,1777,3417,1486,3549,2436,3686,3737,2436,3549,1467,2429,2436,3686
3516,3457,3547,2649,1416,1416,1777,3549,1467,3686,2429,2436,2787,1416,3686,1416,2436,3417,1416,2528,3547,2429,3516,3737,2436,3549,1777,2787,3737,2429,2436,3687,3548,3686,3687,3417,2436,3737,3587,3587,3687,3587,2787,3686,2429,1777,3417,1486,2436,2649,2787,3417,3548,2436,1486,2429,2436,2436,2436,1416,3548,3417
3417,2436,3686,2528,2649,3587,3686,2787,3547,1687,3549,1777,2429,1777
3547,1628,3547,3547,1687,3737,3548,3686,2436,3737,3549,3457,2649,2429,1486,2436,3686,1416,2436,2649,3516,3547,3547,2436,3686,3516,1777,1467,1628,3548,3549,1467,2528,3547,2787,1467,1486,2787,3687,3686,3549,1777,3587,3457,1777,3516,1486,1486,3547,1628,2528,1486,1486,1687,2429,1467,3737,3687,3547,3516,3516,2436,1416,2528
3548,3587,3686,2436,2787,3686,3417,3547,2436,3587,2436,2436,1486,1486,1467,3549,1416,3549,2787,1777,3417,3516,2528,3457,3417,3587,1467,1467,3687,3587,3417,2649,3737,2679,1416,2436,1486,1777,2436,1416,1486,3549,3547,3417,3686,1467,3548,3548,2787,3686,2679,3457,2436,3687,3549
3737,3686,3417,3548,1486,1486,1486,3547,3516,2429,2436,3587,1777,2528,3687,2787,2649,3587,1687,3686,1416,2679,1467,1467,3687,2436,2436
3687,3549,3687,2436,1628,3587,3687,2429,3417,3686,1687,1416,2436,3686,1687,1416,1486,2429,2528,2429,1467,1687,2436,2436,1777,2528,2528,2429,2679,2429,3686,2436,3417,3516
2429,3457,3516,2436,2436,1687,3686,3417,3687,3417,3457,2436,1416,1416,3549,2649,1777,2649,1416,2787,2436,2649,2436,3457,1687,3457,1687,3549,1777,2787,3547,1687,2429
2436,3547,2528,3737,3516,3457,1628,2679,3549,2429,2436,3549,3737,2787,3686,1467,1416,2436,2429,3457,2436,1777,3587,3687,3417,1486,3687,3549,3547,3686,3587,3737,3417,3686,2679,2436,3457,3516,2649,1486,3737,3548,1628,3687,1486,1628,3687,2679,1777,1486,2436,3548,1687,2787
1628,3516,3548,3547,2436,1777,1777,3547,3417,2436,2787,3687,3737,3457,1628,3548,3417,3548,3548,2429,2528,3547,3687,3587,3457,1777,2436,1467,3417,1628,3417,3686,3737,3417,2436,3686,3417,3548,3587,1486,2436,1486,2787,3547,1467,3737,2436,3737,3686,3516,3547,3417
3686,2679,3549,1777,3737,2679,2436,3457,3417,3587,2436,2429,3549,2436,1628,3549,3417,3549,3737,3686,1467,1467,1687,1467,1467,2436,2649,2787,2679,1416,2436,1467,3686,3548,1777,2436,3686,1687,1687,3417,3686,1777,1416,2436,2787,3686,3687,2436
3686,3737,3549,3737,3686,1486,2436,3686,3686,3417,2787,2436,2436,3417
2436,3549,3686,3547,1628,1486,2787,2429,3547,3687,3417,1628,1628,2649,2429,2436,1777,2649,1687,3687,2528,3737,1416,1628,2649,3457,3686,2649,3457,3686,1687,2436,3686,3587,3457,3686,1687,2787
1486,3737,3686,1467,3549,3547,3549,2528,3548,3548,3686,2429,3549
1416,1486,2436,3417,1467,3587,3687,1486,3547,2528,2436,3417,3516,3687,3587,3548,1687,3417,3417,1486,2649,3457,1628,3516,1628,3457,3417,1486,3516,3737,2436,1628
3686,1486,2528,2787,1416,3547,3457,2436,3737,1777,3417,3547,3737,3547,3587
3686,1486,3547,2787,1628,2679,3457,2649,2436,2429,3686,2679,3457,2679,3516,2528,3686,2649,3549,3686,3587,1416,1416,2436,1687,2679,2649,3417,3547,1486,3686,3687,1777,3516,3549,3417,3516,2649,1416,3687,3516,3417,2436,3547,1467,2528,1467,1486,1486,2679
2429,2787,3549,3686,3687,1777,3687,3687,1486,3587,2679,2649,3457,2436,2528,3549,2679,2649,2679
1777,2429,1416,2436,3547,3457,3686,3547,2429,3686,3687,3686,1687,2429,2787,2436,2528,3686,3686,3687,3549,3737,1486,3457,3548,2436,2436,2679,1486,1777,1777,3548,3548,3516,3548,2649,2528,3686,3687,2649,2436,3686,1467,2787,3687,3587,1486,1777,2436,2649,3547,2649,2436,2436,3686,2787,3687
3457,3686,3549,1486,3687,3548,2436,3516,1628,2787,3548,2679,3549,1467,1687,1416,2436,3686,2436,1486,1486,2436,1687,2649,2649,3516,2429,2528,2787,2436,2436,2649,2528,1628,2436,1416,3686,2436,2787,2436,3686,3548,2787,2436,3547,3549,2429,2679,1687,1628,3547,2429,3457,3687,1416,3687,1486,3687
2436,1628,1486,3686,2679,3457,1777,3686,1687,2436,2436,1687,2436,3737,1416,2649,3737,3587,3587,3547,2679,1486,3548,2649,1416,3687,3516,1467,3417,1687,2436,2679,3549,3687,3587,2436,3549,3686,2787,3547,3457,3417,3548,1777,1467,1467,2436,2436,3417,1467,2679,1467,1628,2679,3516,2679,3737
2787,3516,3587,3549,3737,3549,2679,3549,1467,2429,3548,2429,2679,1777,2436,3686,3417
2649,2649,3686,3549,2679,3587,2649,1416,3549,3686,2436,1777,1628,1486,3516,2436,2679,2649,2436,2787,3417,1486,3547,3548,3547,3549,2436,2649,3516,2436,2528,1486,3516,2787,1486,3457,2528,3687,1416,3547,1467,3687,3547,3587,1777,2436,2528,2436,2436,1486,3587,2436,1777,1687,3457,3547,2429,2436,3516
3587,1628,3516,3548,2528,2436,3457,3686,2787,3516,1777,3587,1486,2649,2436,1628,1628,1628,2429,1687,2649
3417,3686,3687,3687,2429,2436,3686,1687,3548,3547,2787,3587,3548,1486,3547,1777,3587,1687,3549,1486,3687,2429
3686,2429,2436,2528,3686,1628,3549,1416,3686,3587,3687,2436,2429,2436,2649,2429,2649,3417,1467,1486,2436,1687
1486,2429,3549,1628,3547,3587,3686,2679,3548,2429,3417,3686,1467,3737,3548,3549,3737,2436,3516,1628,3547
1416,3457,3516,3516,2436,2436,3686,2787,3686,3457,3417,3686,3737,3687,3737,1486,3457,3547,3549,3587
3686,3548,1486,3686,2679,2679,3686,3417,3457,3548,1628,1486,3549,3548,3516,2436,1467,2429,2649,3737,2436,3516,3686,2436,3516,3547,3686,2649,2429,2436,3516,1628,3587
3687,2649,1486,2679,2787,2436,1777,1777,1687,2787,1486,3737,1628,1416,2528,2436,2787,3417,2528,2649,3549,2649,3737,2436,2528,2429,1416,2528,1416,1628,1687,3417,3417
2679,3516,1628,2528,3686,1467,3686,2787,3547,3547,2649,2436,3687,3516,3417,2679,2429,3516,3549,3687,3457,2436,2787,1777,2528
3548,3547,3587,2436,3417,1777,1467,3549,1486,3587,2436,2429,3687,3737,2436,3457,1777,1467,3549,3687,3457,3587,1486,3548,3686,3587,3457,2429,3587,3686,2679,1486,3686,3547,1628,3547,1687,2429,2436,3457,2436,3686,3686,2429,3548,2787,3737,2436,2436,2787,3737,1687,2436,2436,3417,3737,3457,3547,2436,3417,3548
2528,2436,2528,3549,1687,3417,1628,3547,2436,1486,3417,1687,3686,3549,2436,2528,3737,3548,2436,1687,2787,2436,3687,1416,3548,1467,3516,1486,2679,3686,2436,1486,3549,3737,1777,3516,3587,1467,3516,3457,3549,1486,3686,3686,2649,1486,3457,2436,3686,2436,3686,2528,1628,2429,2787,3686,2429,3686,2436,2679,3687,1467,2679,2436,2436,2436,1467,1777,3516,2436
1628,1628,2649,2649,3548,2436,3587,2649,3737,2679,1486,2679,3587,2528,3587,3686,1467,2436,3686,2679,2649,2436,1628,3548,3548,2787,2679,3686,3686,1416
3417,3686,1416,2528,1777,1628,1628,1687,3457,2436,3686,3547,3587,3687,3457,3457,2436,3587,3547,1628,2679,3686,3686,3417,3516,2429,2436,3686,1416,1628,1416,2436,1777,3548,3686,1687,3687,1486,1687,2679,2787,3516,1486
3457,2436,2436,2436,2429,3417,3687,2528,3687,3547,3457,2679,1486,3457,1777,1687,2436,3457,1628,3547,2436,3457,3417,3417,2528,2436,2787,2429,2436,3548,3686,1486,2429,3687,2429,1416,1416,3587,2436,3687,3737,1628,3548,2429,3686,3547,2649,2436
2787,3686,1416,3587,1486,3547,1628,2436,2679,2649,3687,2787,2649,3587,1416,2436,3687,2787,3548,3686,1687,1777,3547,2649,1777,1467,3457,2436,3587,1416,3549,2679,1687,3549
1777,2429,1687,3587,3457,3457,3687,3516,2787,2528,1416,3417,2649,1628,3587,3587,3686,3548,2679,1628,3737,2787,2429,3687,2429,2436,2649,1486,1628,2436,2436,3587,1777,2528,2436,3417,1687,3417,1416,1687,2436,3548,3686,3417,3548,1777,2436,1777,3587,2436,3417,3549,1416,1777,3686,2649
3457,2436,3686,2787,1687,1628,3548,2679,2679,3687,2436,2429,2679,3547,3547,3516,2429,2436,3686,1777,3687,2436,2679
1687,1628,1687,3587,3549,2436,3737,2528,3549,2528,3417,3516,2528,2436
2436,1416,3417,2649,3687,2436,3457,2436,3457,2528,3547,3737,2649,3737,3417,3687,2649,2436,2436,3417,1416,3587,3687,3417,1467,2649,2436,2787,3687,3686,3686,3686,2436,2679,2649,3549,1687,3686,3587,2787,2429,1416,2436,3686,1486,2429,2436,1486,1628,2429,1687,2679,1416,2436,2436,3686,1687,2679,2528,1416,1486,3457,3547
3548,2436,2528,3548,1687,3687,2528,3686,3737,2429,3548,1486,2429,3687,3547,1687,2528,2429,1467,1628,3547,2429,3457,2436,2528,3548,3687,3417,3547,3587,3516,2528,2528,3547,3548,3417,2787,2528,1628,1628,2528,2528,2649,2429,2649,2528,3687,3686,3687,2436,3686,2649,2679,1628,3549,3587,1628,1486,3687,2787,2436,2649,3737,3547,3687,2436,3516,3457
3516,1486,3549,3516,2436,3549,2436,3548,2528,2528,2528,3417,2429,3417
2528,2429,1486,3686,3457,2436,3548,1687,3417,3686,3516,1777,2649,1628,1486,3417,1628,3686,3587,3548,3686,3516,3687,3417,3417,2436,3737,1777,2787,1467,1777,2436,3516,2787,2649,2436,3587,1687,3686,3686,3457,3417,1416,1777,3587,2649,2436,2436,2528,2429,1486,1467,2429,1777,2436,3549,3548,2436,3417
2649,2429,3549,1777,2429,3548,2429,3587,2436,2528,2436,3549,3549,3549,3548,3547,3417,2436,3686,3549,3587,3686,3737,2436,3417,1467,3686,2679,3587,3687,1486,2787,1687,3687,3548,3686,3457,3516,1628,2649,1467,1486,3417,3587,2679,1467,3548,2429,3686,1777,2436,2436,2787,3547,2436,1467,3547
2679,3547,3686,1628,1467,1687,3686,2436,1687,3686,2436,3417,2436,3737,3516,1486,3687,1486,3547,2436,3548,1777,3686,2429,1628,3687,3686,1416,2436,1628,3549,2787
3548,3549,3686,3549,3547,1777,1687,3548,2436,3417,3587,2436,1777,2679,3737,3686,3737,2679,2787
2528,2436,3547,2679,3548,2528,3737,1628,1687,3687,3548,2528,1416,1467,1467,2436,2679,1687,2787,1416,1687,3417,3687,3547,3549,1467,2787,2649,1687,2787,3457,3686
1687,1777,1777,3457,1687,3686,2436,3547,3686,2436,1416,3686,3686,3417,3737,2429,3687,2429,3547,3417,1467,1416,2528,3686,3548,2679,1467,3687,2528,1486,3686,3417,1687,2787,3687,3687,2787,2679,2787,1467,3457,2528,1777,3737,2679,3548,3457,2436,3516
2787,2528,2436,2436,2436,1416,2528,3548,2436,3547,1416,3547,3457,2787,1486,2679,1467,3457,3549,1486,2528,2528,2436,2429,2436,3686,3549,3686,2436,2436,2436,3587,3549,2429,2787,3548,3516,3417,1687,2649,3417,2436,3548,3686,3516,2787,1467,2528,3457,3547,3457,1687
2436,1486,3457,3686,2787,2429,1416,3548,2528,1628,2436,3549,3587,3548,1687,1687,3516,3457,2787,3549,3516,2436,3687,1687,1628,3516,3549,2528,1416,3686,2429,1486,3547,2436,2436,2649,3547,1486,3457,1628,1416,3587,3549,1687,1416,2649,3549,3686,2649,3737,1416
1486,3548,3457,3549,3457,1486,3516,3457,2436,3547,3516,1467,2679,2436,2787,2528,3687,1486,1687,1486,3548,3516,3516,3547,3549,3457,3547,3516,2436,3457,1416,2429,3516,3587,3547,1628,2528,3587,1687,3587,3687,3547,3417,2436,1416,3587,3457,2436,3687,1486,1486,2679,2436,3457,2528,2679,2436
3549,2436,2787,2649,3547,3516,3516,3587,1467,3686,3457,1777,3549,1628,3547,3686,3417,2679,3587,2787,3686,2436,2436,3457,2436
3547,3687,3686,3587,2436,3547,3687,3587,1416,2436,2429,3686,1467,2649,2436,3686,2649,3687,1467,2436,1777,3457,2436,1416,3457,3457,3547,3417,3587,1777,1777
2679,3516,1416,3587,3417,1628,3516,2436,3516,3587,2436,1467,3547,1416,3686,2429,1777,1628,2436,2787,3548
1486,2528,1777,3417,2649,3687,1687,1416,1416,2436,2429,2436,1628,2787,3686,3548,3687,3737,2436,3457,2649,1628,2528
3687,2528,2436,1687,1777,1687,1777,2679,1777,1777,3587,3549,1628,3417,3547,2679
3549,1467,2436,1777,2787,1687,3547,2787,1687,1416,3587,1467,2787,2436,3737,2436,3687,1777,3417,2436,3549,2787,3457,3547,3686,1777,2436,3417,2787,3737,3417,1467,1486,1687,3737,3587,1687,2436,1687,3686,2787,2436,3686,2429,2787,3587,3737,3686,3516,3737,3687,2436,3549,2649,3686
3737,3737,1628,2429,2436,2436,2436,3737,3686,3687,3548,2679,2649,3549,2429,3686,1628,2436,3457,1777,3457,2528,3686,1467,2679,1777,2528,2787,2436,2436,2787,1467,2787,2436,3417,3516,2679,3547,3516,2528,2787,3457,2787,1467,3687,1687,3687,1777,1416,1486,1486,2649,2436,3548,1687,2429,3516,3457,1777,3457,3548,1486,1777,3737,1687,3687,2679,1777,2436,3547
3516,3457,2649,3737,3686,2528,3686,3737,1777,1416,2436,3417,3686,1416,2679,2787,1486,3686,1486,2429,3548,2436,2429,1628,2679,2649,3687,3548,3686,1687,1486,2436,3548,3587,3548
3549,3457,2787,2429,3686,3587,1687,1777,1687,2649,3737,2436,2649,1486,2528,1777,3737,2436,2436,1777,1486,2649,3686,2679,3687,3548,3516,3587,1486,3737,3547,1687,3587,2679,3417,2436,3548,2787,2528,1777,2787,3547,2429,3686,3687,3548,1777,1416,3687,3516,3737,2528,3457,2429,2649,3687,3549,2436,1467,1687,3548,3457,3686,1777,3686,2436
2436,3417,2436,2436,3417,2528,3547,2436,2429,3687,3686,3549,1687,3547,3687,2436,1628,3687,2436,3548,3548,2649,3587,2679,3548,1467,2649,3548,2649,1777,1628,3687,3549,2429,3587,2787,3549,2528,3516,2679,3737,1467,2429,1486,3686,2787,3686,3549,3516,1687,2679,3587,3687,2679,1777,3516,2436,3686,1628,3417,2649,2679,2787
2436,1416,1687,3417,2436,3547,2649,3686,1486,3549,3737,3737,3417,3737,3548,1486,3687,3587,2436,3548,2787,1416,2787,2436,3686,3687,2679,3417,2436,3686,1416,2436,1467,3417,2429,2649,2436,3549,3457,3457,3547,1486,3687,3417,1687,3516,1467,1628,1467,2436,3687,3457,2436,3549,2436,1687,2436,2436,3587,1687,3549,2436,3417,1416,2436,2679,3587,2436,2528
2436,3547,2436,3547,2429,1687,3686,2787,3686,3547,2787,1777,3737,1467,3516,2436,3548,1486,2436,2787,2528,2429,1628,3686,3549
1777,1777,3417,3686,1486,3516,3549,3686,1777,2436,3516,3686,3548,2429,2528,3687,2436,2436,3516,1628,1486,1416,1687,2436,2679,1486,3417,2528,3457,1486,3516,3457,1486
2429,1467,3457,3548,1777,1777,3686,3547,1628,3417,3737,3737,2528,3516,3548,2436,2436,2436,2679,2528,3457,2528,3417,3686,2787,3457,3687,3457,1687,3457
3516,3547,2429,3686,1777,1777,2649,2429,1416,3548,2787,2429,3548,1416,1467,2436,3686,3737,1777,1777,1467,3547,2436,2679,3686,2787
3457,3547,3548,3686,3417,2436,3737,1486,3417,3587,1486,1486,1486,3587,1486
3686,3548,1628,1777,2787,3548,2649,2436,3686,2787,3547,2679,2649,1687,2649,3686,1486,1416,3737,3548,3737,2528,3548,3457,1467,2436,1467,3587,3547,3686,2436,1628,2649,1628,2787,2679,3457,1628,2787,1467,1486,3687
2436,2436,2787,2436,1416,3587,2679,2679,3457,3687,1687,3417,2649,3516,3549,1416,2787,3686,2679,3737,3516,3549,3686,1467,1416,2429,3587,3686,2528,3547,3686,2787,1628,3687,2679,2436,2528,3548,2528,3548,2528,1687,2649,2787,1687,3686,3686,1628
3417,3686,3737,2787,2436,3686,3687,3687,1416,3687,2436,3548,3457,3547,1777,1687,1467,2429,1467,1416,1416,2436,2429,3686,2649,3417,2429,1467,3547,2649,2787,3737,1777,2787,2528,1467,2436,1416,1467
1687,1416,3686,2679,3686,2436,3516,3587,1467,3737,1687,2649,2436,1628,3417,3417,3686,2436,2679,1416,3686,1467,3587,1777,2787,3686,3417,2649,3516,3687,1467,3687,2436,3737,1777,2787,2429,3686,1687,3547,3549,1777,2787,2436,3737,3417,3516,3687,2528,3457,3548,2436,3687,2429,3548,3687,2787,3686,2528,3686
3686,3417,1486,1486,1777,2679,1628,3548,2436,3737,3549,2649,1416,2436,2528,2436,1628,3516,1416,2436,3547,3547,1467,3737,3587,3686,2436,1416,1467,2649,3686,1628,2429,2679,3686,2436,3547,3457,3516,2679,3457,3587,3417,2436
2787,3548,1467,1777,3737,3686,2429,3737,3417,2429,1416,3547,1467,2436,1467,3417,3686,2528,2528,1777,1777,1687,3548,2679,3687,1486,3417,3587,3549,3457,3548,2787,3686,1687,3686,2436,3687,3587,1416,1486,3457,1777,3687,3549,3548,3737,3737,1486,1687,2787,3587,1416,3516,3686,2679,1777,2436,1416,3686,3549,2787,3737,3457
2429,3686,2436,3548,1467,2787,1628,1486,2429,1467,3737,1486,2436,1777,1628,2429,3548,1416,2787,1777,3737,3417
3516,3587,1486,1467,1628,2787,2528,1467,2436,1416,3686,3549,3587,3547,3737,2429,3549,3417,2649,1687,3737,1467,3549,3548,2436,2436,2436,2429,2429
2429,1467,2649,2528,2649,2649,3547,2649,2649,2679,3547,2528,3417,3417,3548,3457,1486,2436,1486,3587,1416,3548,3457,1777,2429,3516,1777,3737,2429,3737,2787,3687,2429,1777,2429,1486,3457,1416
2787,3737,2436,3516,1628,2436,3686,3549,3457,3686,3737,2649,2436,3457,3457,3516,3417,3516,3687,3687,3457,1777,3457,1628,2429,3417,3516,3687,3587,2436,2679,3547,1416,3547,1467,1467,3686,3547,3549,3737,1628,1628,2679,3417,1486,3587,3686
2649,3737,1777,1628,2436,3417,3548,2429,3457,2528,3587,2429,2649,3548,3547,1467,1687,3686,3587,3686,3547,3686,2649,2787,3549,3548,3547,1777,1486,2649,1777,2787,2436,2679,2436,2679,2649,2436
2436,2436,1687,1628,1467,3417,3687,1687,3587,2436,2528,2528,3547,1467,1486,1777,3547,1628,3516,2436,3549,3686,2787,2429,1777,2429,3516,3686,1777,3687,3687,2528,1687,1416,2436,3549,2679,1777,2679,3587,3687,3417,2528,3549,3686,1628,2679,2429,3686,1486,2528,2436,2429,3687,3737
2649,1687,3516,2436,2436,1467,1467,3549,2436,1687,1467,1777,2436,3686,1486,3737,3686,3686,3587,2436,1467,2436,1628,3516,1467,3587,3457,3737,3686,3549,1777,2429,1628,3587,2787,2528,3417,3549
1628,3417,3417,3548,1628,2787,2528,3548,3737,3737,2528,1687,1486,3686,3686,3547,2787,3547,2429,3548,2436,1777,2528,2436,2436,3687,3687,2649,2436,3687,2679,3457,1467,1628,2429,3516,1777,1416,2679,3417,1486,3686,2436,2787,1687,2787,3417,3547,3417,2436,1486,1687,1777,1486,1467,3457,2649,2649,2436,3516
2429,3417,2787,1687,3587,1687,3687,1467,3417,2436,2649,3687,2429,2436,2429,3687,2429,1416,3737,3587,1687
3686,1467,3587,2649,2436,3549,3686,1628,2436,2528,2436,3417,3417,2436,1687,3457,2436,3417,3457
1467,1416,3687,1777,1416,2436,2528,2436,3417,1687,2649,1777,3549,1777,3686,1486,1467,3516,3548,3417,1628,3686,2787,1416
3417,1467,1687,3587,2787,2649,2649,3548,1628,3587,1416,3547,3587,3547,3417,1687,2436,3687,2528,2436,2436,2679,2649,1416,3737,3737,2787
3686,1486,1416,3687,2436,3687,2436,1777,3687,3549,3516,3549,3457,1628,3686,2436,3549,2649,3737,3457,3587,3686,2787,2436,1777,1687,3686,3417,1687,3457,2649,3686,2679,3686,2649
3547,2528,2679,3548,3548,1416,2787,3549,1628,1416,1486,1416,3417,3687,2787,3686,3686,3686,2429,2436
3587,1687,1486,3686,3516,3457,3457,3549,3548,2679,2429,3587,2649,3737,1628,2436,1777,3516,3686,3549,2436,1777,3549,3457,3516,1687,3549,2436,2429,1687,2787,3417,3548,3417,1628,2679,3548,2787,3587,1777,1628
1416,1416,2787,2436,3547,1628,3457,1467,1687,1467,3516,3549,3737,1687,3549,1416,3686
1687,3547,3549,1416,3417,3547,3417,3687,3587,3686,3686,3686,3417,3417,2649,3687,2649,3549,2429,2436,2787,2787,2436,2436,3686,2429,3687,3516,2429,3737,3547,1486,2436,3516,3457,2649,2436,3686
2436,2436,3417,3687,1467,1486,3549,3737,3737,3737,2528,2436,2429,3457,3548,2679,3687
3516,3549,3737,1628,2436,2528,2436,3417,3457,3417,3457,3737,2787,2649,2679,2787,1486,1467,3549,1687,3686,1687
3457,2679,3457,3548,3687,3549,3417,2649,2787,2436,3737,1628,3547,3457,3687,3516,3587,3687,2649,1628,1777,2436,3687,1687,1628,3686,2649,2649,2436,1416,2787,1687,3549,2436,1687,1628,2436,3547,2436,3737,1416,1416,1486,2436,1416,2787
2436,2436,2436,3686,3417,2436,1628,1467,3547,3686,3587,3547,3687,1467,3686,1467,3457,1628,1486,3687,3417,1416,1687,2679
1628,2429,2436,1486,2787,2649,2679,2787,1628,1628,2429,3547,2429,3547,1777,2436,2679,3417,2787,3516,3737,1416,2436,2436,3587,1628,1416,2787,1416,3548,3547,2528,3737,3687,2436,2436,1467,3547,1628,2787,3548,1687,1416,2429,3457,3417,2679,1467,1687,3687,2679,2787
1486,3417,3687,3417,3547,3548,3549,3417,3686,3687,1628,3549,2787,1687,2436,3687,1628,3417,1486,2787,3549,1486,3457,2436,3547,2528,1687,1416,2679,1777,2787,1416,2649,2528,2679,1628,2436,1777,3549,2787,3549,2429
3457,3686,2787,3687,3686,2436,3737,2679,3737,1467,1687,2679,2436,3686,3587,3549,3686
2436,3548,2436,3457,2679,1467,3516,3587,2787,3516,3516,3737,1687,2528,2787,3687,2436,3417,3737,1467,1628,3417,2528,2679,1486,3687,2436,3457
1416,1777,2436,3547,2528,2436,3686,3549,1777,1416,2429,2787,3417,1416,2679,1628,2429,2787,3516,1467,3417,3587,2429,3547,2787,2649,3547,3457,1687,3457,1416,2436,3686,2787,3549,3457,3737,3737,3737,1628,3549,2649,1628,3516,3737,2528,1467,2429,3547
2436,1777,3686,3687,2649,1628,2436,3686,3587,3516,3457,2679,3516,3548,3549,2679,2649,3547,3687,1628,2429,1687,3417,1486,1777,2436,3417,2679,1416,3686,3686,3587,1628,3686,2649,3737,2436,3516,3686,2679,1777,2528,3548,2429,2649,3548,3549
1628,2528,1628,3547,3457,3547,3686,3686,2528,1628,1486,3548,2436,3457,3687,3687,3687,1416,3457,3686,2436,2679,3548,3548,2528,1777,2787,3686,3687,3587,3417,1687,3516,3516,2436,2429,1687,1486,1416,3516,3687,1628,3737,3547,2679,2436,1687,2436,3687,1467,2679,1416,3686,2436,3548,1628,2436,3587,3687,3457,1628,3417,3516,1486,3549,3686
2787,2649,3687,1467,3587,3687,1467,3547,3457,3686,2679,3587,2436,3686,2429,2528,3547,3547,2679,2528,1486,2436,3587,3737,2528,2429,2436,1628,3417,3686,3686,3417,1687,3548,3587,1777,2436,2429,2436,2436,3549,3516,3686,1687,3686,1628,2528,3686,2649,3687,3417,3737,3547,3686,3587,2787,1628,3587,3549,3686,2436,3687,2787,3457,3547,3549,3686,3548,2429,2528
1467,3516,3549,2436,2787,2436,2787,1628,2436,3516,3548,3548,3686,3457,1467,2436,2436,1687,3686,1467,3516,2787,2436,3737,3737,3547,2436,1628,2429,1486,3686,3549,1467,1687,3547,3737,1628,2436,3417,2436,3457,2787,2679,3686,3686,2787,3547,2679,3417,1777
1467,3457,2436,1777,3548,1416,2649,3587,1486,3587,3516,2679,1777,3548,3547,3686,2436,3686,3457,2679,2429,3548,2436,3417,3547,1486,3737,1687,3516,3686,3686,1416,2436,1416,1777,3547,3457,3417,3686,2528,2436,2429,2429,3548,1777,2787,3686,3686,2429,3516,2528,3516,3587,3547,1777,1628,2679,3549,3549,2436,2787,3686,3549,3587,2436
3686,2436,2528,1628,2436,3516,1486,2679,1416,2436,3548,2528,2429
2679,3549,3587,3687,2649,1416,2787,3687,3737,2436,1416,3687,3516,2436,3457,3457,2787,2436,3549,2787,1467,2787,2436,2436,3548,3457,2679,2679,3457,1416,2679,3457,1687,3548,3547,2436,3686,2436,1628,2679,1628,3548,3417,3548,3687,3737,3417,1467,1687,2436,3687,2787,1486,1467,2528,1628,3549,3547,2436,1467,3516,2436,2528,2528,3686,2649
3686,3549,3587,3687,2679,3417,1486,2679,3547,3686,3587,1467,2436,1777,2649,1416,2429,3417,1777,3547,2649,3516,3686,1628,2436,3737,3686,2528,3549,3686,3686,3516,3587,2436,3737,3737,1628,1628,1687,2429,2787,2429
1628,3686,2436,3457,3686,1628,1416,2787,2528,1628,3549,3686,2436,1467,2787,3687,3686,3516,3417,3516,3587,2679,2528,2436,2436,3549,3548,3548,2679,3686,2787,2436,3516,3548,3686,3547,1486,3686,3686,3548,3737,1628,3549,1628,2429,3686,1416,1687,1416,3587,2679,2787,2528,3687,3417,2429,2436,3686,1467,2679,2436,1486,3686,3737,1687,1687,2679,3686
3686,1486,2436,3547,3686,1467,3457,1486,3417,2528,2649,1416,1467,3737,1416,2649,3686,3686,3587,3548,1467,1416,2429,2679,1486,3417,2436,3549,2429,3686,3737,3737,2436,1777,2436,3737,1628,3417,2528,3516,3686,2429,3587,3737,1467,2649,3687,1628,3686,2679,2436,3417,2528,2436,1416,2528,2649,1416,3686,2429,3547,3548,1416,1777,2429,3587,3516,2787,1687
1628,2649,1486,3516,2429,2436,1687,1687,2429,3686,3587,1628,3587,2436,1467,3549,2787,3687,1416,3687,3587,3457,1467,3516,2429,3417,2429,3547,2528
1467,1486,2649,3457,1687,1687,3686,2787,2436,3547,3457,2436,3587,2787,3737,2528,3687,1628,1467,2436,2679,2787,3686,3417,2436,1416,3587,1467,1486,1777,3417,3686,3686,1416,1486,3686,3737,1416,1486,3549,1467,2649,2436,1416,3686,3587,1687,3547,3547
3737,3547,2436,1486,3549,1628,3516,2429,2436,1467,3737,1467,3417,2436